PONEY
4
335
335
physique
50
31
00000000000000000000000000000000000000000000000000
00000000000000000000000000000000000000000000000000
00000000000000000000000000000000000000000000000000
00000000000000000000000000000000000000000000000000
00000000000000000000000000000000000000000000000000
00000000000000000000000000000000000000000000000000
00000000001110000011111111111111000000000000000000
00000000001001111100000000000000100000000000000000
00000001001000000000000000000000010000000000000000
00000010110000000000000000000000001000000000000000
00000010110000000000000000000000000100000000000000
00000010000000000000000000000000000100000000000000
00000010000000000000000000000000000100000000000000
00000010000000000000000000000000000100000000000000
00000010000000000000000000000000000100000000000000
00000010000000000000000000000000000100000000000000
00000010000000000000000000000000000100000000000000
00000010000000000000000000000000000100000000000000
00000010000000000000000000000000000100000000000000
00000010000000000000000000000000000100000000000000
00000010000000000000000000000000000100000000000000
00000010000000000000000000000000000100000000000000
00000010000000000000000000000000000100000000000000
00000010000000000000000000000000000100000000000000
00000010000000000000000000000000000010000000000000
00000010000000000000000000000000000011100000000000
00000010000000000000000000000000000011110000000000
00000010000000000000000000000000000000010000000000
00000010000000000000000000000000000000010000000000
00000010000000000000000000000000000000010000000000
00000000000000000000000000000000000000000000000000

eau
00000000000000000000000000000000000000000000000000
00000000000000000000000000000000000000000000000000
00000000000000000000000000000000000000000000000000
00000000000000000000000000000000000000000000000000
00000000000000000000000000000000000000000000000000
00000000000000000000000000000000000000000000000000
00000000001111111111111111111111100000000000000000
00000000001000000000000000000000100000000000000000
00000001111000000000000000000000010000000000000000
00000010000000000000000000000000001000000000000000
00000010000000000000000000000000000100000000000000
00000010000000000000000000000000000100000000000000
00000010000000000000000000000000000100000000000000
00000010000000000000000000000000000100000000000000
00000010000000000000000000000000000100000000000000
00000010000000000000000000000000000100000000000000
00000010000000000000000000000000000100000000000000
00000010000000000000000000000000000100000000000000
00000010000000000000000000000000000100000000000000
00000010000000000000000000000000000100000000000000
00000010000000000000000000000000000100000000000000
00000010000000000000000000000000000100000000000000
00000010000000000000000000000000000100000000000000
00000010000000000000000000000000000100000000000000
00000010000000000000000000000000000010000000000000
00000010000000000000000000000000000011100000000000
00000010000000000000000000000000000000010000000000
00000010000000000000000000000000000000010000000000
00000010000000000000000000000000000000010000000000
00000010000000000000000000000000000000010000000000
00000000000000000000000000000000000000000000000000


//
spawn
-2000
-2000
-100
-100
-50
-50
new
//
caisses

595
435

245
135

345
150

345
445
//
barrels

223
255
barrel

447
255
barrel

223
400
barrel

447
400
barrel
//
arrivee
0
0
//
bossentry
0
0
//
jetpacks

0
0
//