scrolling
11
60
1400
physique
60
91
000100100000000000000000000000000000000000000000000000000000
000100110000000000000000000000000000000000000000000000000000
001000001000000000000000000000111000011110000000000000000000
001000001100000000000000000001000100100001000110000000000000
001000000011111111100111110001000100100001001001000000000000
001000000000000000011000001111000111100001111001000000000000
001000000000000000011000000000000000000000000010000000000000
001000000000000000000000000000000000000000000011100000000000
001000000000000000000000000000000000000000000000011100000000
011000000000000000000000000000000000000000000000000011100000
100000000000000000000000000000000000000000000000000000100000
100000000000000000000000000000000000000000000000000000100000
100000000000000000000000000000000000000000000000000000100000
100000011111111111111111111111111111111111111111100010100000
100011100000000000000000000000000000000000000000100011000000
100100000000000000000000000000000000000000000000100011000000
100100000000000000000000000000000000000000000001100010100000
100100000000000000000000000000000000000011111110000000100000
100100000000000000000001110111000000000100000010000000100000
100111111111111111111110001000111111111100000010000000100000
100000000000000000000000000000000000000000000010000000100000
100000000000000000000000000000000000000001100010000000100000
100000000000000000000000000000000000000001100010000000100000
011000000000000000000000000000000000000001000010000000100000
001000000000000000000000000000000000000001000010000000100000
001000000000000000011111111100000000000001000010000000100000
001000000000011111100000000011111111111111111101000000100000
001000000011100000000000000000000000000000000001000000100000
001000000100000000000000000000000000000000000001000000100000
001100010100000000000000000000000000000000000001000000100000
000000011000000000000000000000000000000000000001000000100000
001100011000000000000000000000000000011100000001000000100000
001100010111000000000000000000000000100010000001000000100000
001000000000100000000000000000000000100010000001000000100000
001000000000111111000000000000000001000011110001000000100000
001000000000000000100000000000000001000000001111000000100000
001000000000000000111110110001110001000000000000000000100000
001000000000000000000001001110001111000000000000000000100000
001000000000000000000000000000000000000000000000000000100000
001000000000000000000000000000000000000000000000000000110000
001000000000000000000000000000000000000000000000000000001000
001000000000000000000000000000000000000000000000000000010000
010000000000000000000000000000000000000000000000000000100000
100000000000000000000000000000000000000000000000100011000000
011111111111111111111111111111111111111111111111100010000000
000000000000000000000000000000000000000000000000100011110000
000000000000011110000000000000000000000000000000100010001000
000000000000100001000000000000000000000000000001000000000100
000000000000100001011100011000111100000000000011000000000110
000000000000100001110011100111000010000000000100000000000001
000000000000100000000000000000000011111111111100000000000001
000000001111100000000000000000000000000000000000000000000001
000111110000000001110011100111000000000000000000000000000001
001000000000000001110011100111000000000000000000000011110001
001000000000000001110011100111000000000000000000000010010001
001000000000000000000000000000000000000000000000000010010001
001000000000000000000000000000000000000000000000000010010001
001000000000000000000000000000000000000000000000000010010001
001000000000000000000000000000000000000000000000000010010001
001000000000000000000000000000000000000000000000000010010001
001000000000000000000000000000000000000000000000000010010001
000111111111111111111111000111111111111111111111111100010001
000000000000000000000001000100000000000000000000000000010001
000000000000000000000001000100000000000000000000000000010001
000000000000000000000001000100000000000000000000000000010001
000000000000000000000001000100000000000000000000000000100001
000000000000000000000001000100000000000000000000000000100001
000000000000000000000001000100000000000000000000000000100001
000000000000000000000001000100000000000000000000000000100001
000000000000000000000001000100000000000000000000000000100001
000000000000000000000001000100000000000000000000000000100001
000000000000000000000001000100000000000000000000000000100001
000000000000000000000001000111111111111111111111111111100001
000000000000000000000010000000000000000000000000000000000001
000000000000000000000010000000000000000000000000000000000001
000000000000000010000010000000000000000000000000000000000001
000000000000000101000100000000000000000000000000000000000010
000000000000001000000100000011111111111111111111111111111100
000000000001111000111100000100000000000000000000000000000000
000000000010000000000000000100000000000000000000000000000000
000000011110000000000000000100000000000000000000000000000000
000011100000000000000000000100000000000000000000000000000000
000100000000000000000000000100000000000000000000000000000000
000100000000000000000000000100000000000000000000000000000000
001100000000000000000000000100000000000000000000000000000000
010000000000000000000000001000000000000000000000000000000000
100000000000000000000001110000000000000000000000000000000000
000000000000000000001110000000000000000000000000000000000000
000000000000001111110000000000000000000000000000000000000000
000000000001110000000000000000000000000000000000000000000000

eau
000100110000000000000000000000000000000000000000001100000000
000000001000000000000000000000000000000000000000000000000000
000000001100000000000000000000111000011110000000000000000000
000000000011111111100000000001000100100001000000000000000000
000000000000000000010111111111000111100001111000000001110000
000000000000000000011000000000000000000000000000000001110000
000000000000000000000000000000000000000000000000000000000000
000000000000000000000000000000000000000000000000000000000000
000000000000000000000000000000000000000000000000000000000000
000000000000000000000000000000000000000000000000000000000000
000000000000000000000000000000000000000000000000000000000000
000000000000000000000000000000000000000000000000000000000000
000000000000000000000000000000000000000000000000000000000000
000000000000000000000000000000000000000000000000100010000000
000000000000000000000000000000000000000000000000100010000000
000000001111111111111111111111000000000000000000100010000000
000111110000000000000000000000111111110000000000100010100000
000100000000000000000000000000000000001111111110000000100000
000111111111111111111111111111111111111100000010000000100000
000000000000000000000000000000000000000000000010000000100000
000000000000000000000000000000000000000000000010000000100000
000000000000000000000000000000000000000000000010000000100000
000000000000000000000000000000000000000000000010000000100000
000000000000000000000000000000000000000000000010000000100000
000000000000000000000000000000000000000000000010000000100000
000000000000000000000000000000000000000000000010000000100000
000000000000000000000001111111111111111111111111000000100000
000000000000000000000001000000000000000000000001000000100000
000000000000000000111110000000000000000000000001000000100000
000100010000111111000000000000000000000000000001000000100000
000100010000100000000000000000000000000000000001000000100000
000100010000100000000000000000000000011100000001000000100000
000100010000100000000000000000000000100010000001000000100000
000000000000111111000000000000000000100011110001000000100000
000000000000000000100000000000000001000000001111000000100000
000000000000000000111110000000000001000000000000000000100000
000000000000000000000001111111111111000000000000000000100000
000000000000000000000000000000000000000000000000000000100000
000000000000000000000000000000000000000000000000000000100000
000000000000000000000000000000000000000000000000000000111111
000000000000000000000000000000000000000000000000000000000000
000000000000000000000000000000000000000000000000000000000000
100000000000000000000000000000000000000000000000000000000000
000000000000000000000000000000000000000000000000100010000000
000000000000000000000000000000000000000000000000100010000000
000000000000000000000000000000000000000000000000100010000000
000000000000011111111111111111111111111111111111100010000000
000000000000000000000000000000001100000000000011000000000000
000000000000000000000000000000000010000000000100000000000000
000111110000000000000000000000000011111111111100000000000000
000111110000000000000000000000000000000000000000000000000000
000111110000000000000000000000000000000000000000000000000000
000000000000000000000000000000000000000000000000000000000000
000000000000000000000000000000000000000000000000000000000000
000000000000000000000000000000000000000000000000000000000000
000000000000000000000000000000000000000000000000000000000000
000000000000000000000000000000000000000000000000000000000000
000000000000000000000000000000000000000000000000000000000000
000000000000000000000000000000000000000000000000000000000000
000000000000000000000000000000000000000000000000000000000000
000000000000000000000000000000000000000000000000000000000000
000111111111111111111111000000000000000000000000000000000000
000000000000000000000001000000000000000000000000000000000000
000000000000000000000001000000000000000000000000000000000000
000000000000000000000001000000000000000000000000000000000000
000000000000000000000001000111111111111111111111111111100000
000000000000000000000001000100000000000000000000000000100000
000000000000000000000001000100000000000000000000000000100000
000111111111111111111111000100000000000000000000000000100000
000000000000000000000000000100000000000000000000000000100000
000000000000000000000000000100000000000000000000000000100000
000000000000000000000000000111111111111111111111111111100000
000000000000000000000000000000000000000000000000000000000000
000000000000000000000000000000000000000000000000000000000000
000000000000000000000000000000000000000000000000000000000000
000000000000000000000000000000000000000000000000000000000000
000000000001111000111100000000000000000000000000000000000000
000000000001111000111100000000000000000000000000000000000000
000000011110000000000000000000000000111100001100000000000000
000000011110000000000000000000000000100100001100000000000000
000000000000000000000000000000000011000111110011000000111111
000000000000000000000000000000000010000000000001000000100000
000000000000000000000000000000001100000000000000111111000000
000000000000000000000000000000001000000000000000000000000000
000000000000000000000000000000110000000000000000000000000000
000000000000000000000000000000100000000000000000000000000000
000000000000000000000000000000100000000000000000000000000000
000000000000000000000000000000100000000000000000000000000000
000000000000000000000000000000100000000000000000000000000000
000000000000000000000000000000100000000000000000000000000000

//
spawn
225
1330
0
0
100
10

385
1290
1
1
100
10

622
1205
2
2
100
10

872
804
3
3
100
10

665
900
4
4
100
10

230
920
5
5
100
10

660
640
0
0
100
10

375
670
1
1
100
10

170
595
2
2
100
10

175
360
3
3
100
10

565
360
4
4
100
10

805
415
5
5
100
10

700
160
0
0
100
10

445
135
1
1
100
10

115
115
2
2
100
10
new
//
caisses

430
1230

890
1050

409
809

60
955

855
652

45
683

262
572

732
585

762
393

275
393

450
323

27
173

266
90

618
60

835
175
//
barrels

331
1362
barrel

262
1245
barrel

500
895
barrel

150
850
barrel

800
945
barrel

755
795
barrel

920
795
barrel

290
600
barrel

145
545
barrel

605
550
barrel

772
285
barrel

465
380
barrel

90
200
barrel

370
105
barrel

590
122
barrel
//
arrivee
73
35
//
bossentry
0
0
//
jetpacks

0
0
//